0.7264656927436633
0.9658770572607359
0.7957221092613831
0.012608917674491016
0.6048473989569834
0.31361171722266534
0.43646476235398424
0.0010941085685297613
0.2912232045068256
0.13734391482249975
0.12378719190695875
0.6724837720563174
0.9780696540631791
0.1037625685312642
0.6846939499720393
0.19417990872747226
0.14944322638476681
0.891279471670353
0.060638412111154505
0.40935412466433696
0.5574247393831742
0.35183764768296577
0.9644121927734034
0.3851988378566933
0.748701257323174
0.789210149947809
0.9838550765172037
0.7371687420702059
0.6057935547994375
0.2677601227504096
0.8649595976838766
0.040156478169412924
0.5676326584290149
0.38614096465065484
0.8602650744145591
0.23617879484818638
0.5506337387080857
0.8771731215726869
0.8380062711798321
0.45303234585486263
0.104111941078182
0.7281418315298723
0.3133020017666005
0.059511490301760395
0.002828961245718409
0.25501831420413923
0.6847395326895148
0.10016239739182708
0.3046551744023126
0.7096139267070894
0.7380306217879214
0.47618177454112276
0.8827772389929982
0.5504355378817347
0.9129855757234061
0.3689501084717418
0.5795765796737641
0.4660175739064939
0.9208721328528495
0.438823170964875
0.42324889350176687
0.6037641674172132
0.04629603609899402
0.2741875371740218
0.7984310682864358
0.2278427366010788
0.8710603457131211
0.4144192878605293
0.06854615062460978
0.2064280403314156
0.21703158437947634
0.0252674291337176
0.9102734406741305
0.31160355372424997
0.8208600843441746
0.9663168014068232
0.5394949657407591
0.3044848855061527
0.6254730689469616
0.5575675751784952
0.08326586130311331
0.17363785468363335
0.6015789943543678
0.8258016777604533
0.5838008408892481
0.6966213866681916
0.6969917233326659
0.39128905286974414
0.5081646474555284
0.7024933381972712
0.8524040956283252
0.4415195075654529
0.18129949457468963
0.027375492582388694
0.019309910448406686
0.43102901853242626
0.26021777087349307
0.1756811495233691
0.769094419600914
0.24502135148937298
0.22363390438743247
